0.0
12.393162393162394
22.22222222222222
31.623931623931625
50.0
63.675213675213676
78.2051282051282
91.02564102564102
100.42735042735043
121.36752136752136
134.6153846153846
156.83760683760684
169.65811965811966
178.63247863247864
176.4957264957265
129.9145299145299
94.01709401709402
55.12820512820513
35.47008547008547
11.11111111111111
-4.700854700854701
-22.64957264957265
-39.743589743589745
-56.41025641025641
-70.51282051282051
-89.74358974358974
-103.84615384615384
-120.08547008547009
-135.47008547008548
-149.14529914529913
-151.7094017094017
-150.85470085470087
-111.53846153846153
-73.93162393162393
-47.863247863247864
-15.384615384615385
18.376068376068375
24.786324786324787
-5.555555555555555
-23.076923076923077
-46.58119658119658
-57.69230769230769
-64.1025641025641
-31.623931623931625
5.128205128205129
32.47863247863248
69.23076923076923
100.0
170.51282051282053
149.14529914529913
113.67521367521367
76.92307692307692
43.162393162393165
32.9059829059829
-17.94871794871795
-38.46153846153846
-85.47008547008546
-96.58119658119658
-51.70940170940171
-16.666666666666668
4.700854700854701
25.641025641025642
32.9059829059829
26.068376068376068
2.9914529914529915
-15.811965811965813
-39.743589743589745
-51.70940170940171
-52.136752136752136
-35.042735042735046
-16.23931623931624
9.82905982905983
17.521367521367523
11.965811965811966
-6.837606837606837
-23.076923076923077
-41.452991452991455
-50.0
-29.487179487179485
-15.811965811965813
10.256410256410257
25.213675213675213
35.042735042735046
50.85470085470085
36.324786324786324
14.52991452991453
2.9914529914529915
-14.102564102564102
-23.504273504273506
-24.786324786324787
-13.247863247863247
-2.9914529914529915
5.555555555555555
5.128205128205129
-7.6923076923076925
-8.974358974358974
0.8547008547008547
5.982905982905983
-3.8461538461538463
-14.957264957264957
5.555555555555555
32.47863247863248
-2.9914529914529915
-47.43589743589744
-93.16239316239316
-58.97435897435897
4.273504273504273
27.77777777777778
0.42735042735042733
-44.01709401709402
-85.04273504273505
-127.77777777777777
-158.1196581196581
-131.1965811965812
-42.30769230769231
8.11965811965812
60.256410256410255
129.48717948717947
166.23931623931625
182.47863247863248
143.5897435897436
77.77777777777777
35.042735042735046
-56.837606837606835
-120.51282051282051
-177.77777777777777
-191.02564102564102
-153.4188034188034
-124.35897435897436
-111.11111111111111
-141.45299145299145
-155.98290598290598
-109.4017094017094
-70.51282051282051
-12.393162393162394
-48.717948717948715
-54.27350427350427
-5.982905982905983
47.43589743589744
104.7008547008547
124.35897435897436
102.13675213675214
90.5982905982906
137.17948717948718
162.39316239316238
179.05982905982907
135.04273504273505
47.00854700854701
-32.9059829059829
-96.15384615384616
-166.23931623931625
-190.17094017094018
-162.39316239316238
-121.36752136752136
-79.48717948717949
-48.29059829059829
-9.82905982905983
50.427350427350426
91.45299145299145
132.47863247863248
159.4017094017094
171.36752136752136
169.23076923076923
133.33333333333334
98.71794871794872
70.51282051282051
38.888888888888886
5.128205128205129
-18.376068376068375
-49.14529914529915
-70.51282051282051
-113.24786324786325
-125.21367521367522
-148.71794871794873
-149.14529914529913
-126.06837606837607
-62.39316239316239
-37.60683760683761
30.76923076923077
43.58974358974359
5.982905982905983
-26.068376068376068
-44.01709401709402
-61.53846153846154
-64.52991452991454
-34.61538461538461
-11.538461538461538
17.521367521367523
31.196581196581196
30.76923076923077
-7.264957264957265
-22.22222222222222
-41.02564102564103
-33.76068376068376
-7.6923076923076925
13.675213675213675
28.205128205128204
36.75213675213675
24.786324786324787
9.401709401709402
2.9914529914529915
-9.401709401709402
-20.512820512820515
-28.205128205128204
-29.914529914529915
-17.94871794871795
2.1367521367521367
22.22222222222222
32.05128205128205
39.31623931623932
32.9059829059829
9.401709401709402
-4.273504273504273
-18.376068376068375
-21.794871794871796
1.2820512820512822
23.931623931623932
12.393162393162394
-5.128205128205129
-20.94017094017094
-26.495726495726494
-4.273504273504273
18.376068376068375
23.076923076923077
5.982905982905983
-7.264957264957265
-16.23931623931624
-16.23931623931624
11.965811965811966
16.23931623931624
-14.102564102564102
-20.94017094017094
-30.76923076923077
-55.55555555555556
-36.324786324786324
10.256410256410257
36.75213675213675
87.17948717948718
100.85470085470085
133.76068376068375
108.11965811965813
64.1025641025641
25.213675213675213
-7.6923076923076925
-47.863247863247864
-77.77777777777777
-74.78632478632478
-37.17948717948718
11.538461538461538
52.56410256410256
94.87179487179488
112.82051282051282
145.2991452991453
163.67521367521368
182.05128205128204
190.17094017094018
167.94871794871796
113.67521367521367
80.76923076923077
50.85470085470085
14.957264957264957
-27.77777777777778
-69.65811965811966
-105.12820512820512
-130.76923076923077
-152.56410256410257
-167.0940170940171
-183.76068376068375
-185.89743589743588
-185.89743589743588
-171.36752136752136
-135.04273504273505
-117.52136752136752
-70.08547008547009
-43.162393162393165
-11.538461538461538
2.1367521367521367
164.52991452991452
149.14529914529913
121.36752136752136
97.86324786324786
58.547008547008545
40.17094017094017
14.957264957264957
-7.264957264957265
-25.641025641025642
-47.43589743589744
-70.94017094017094
-100.42735042735043
-125.21367521367522
-143.16239316239316
-156.4102564102564
-156.4102564102564
-144.44444444444446
-136.75213675213675
-104.7008547008547
-97.86324786324786
-84.61538461538461
-66.23931623931624
-41.02564102564103
-9.401709401709402
9.401709401709402
47.863247863247864
101.7094017094017
153.84615384615384
154.7008547008547
119.65811965811966
102.56410256410257
62.82051282051282
-14.52991452991453
-76.4957264957265
-132.47863247863248
-152.13675213675214
-92.73504273504274
-62.39316239316239
-14.52991452991453
60.256410256410255
116.23931623931624
110.25641025641026
27.35042735042735
-23.076923076923077
-60.256410256410255
-33.76068376068376
-2.9914529914529915
44.44444444444444
87.17948717948718
109.82905982905983
109.82905982905983
63.24786324786325
16.666666666666668
-16.666666666666668
-47.43589743589744
-50.0
-4.700854700854701
18.803418803418804
-12.820512820512821
-23.504273504273506
0.8547008547008547
8.974358974358974
15.384615384615385
1.2820512820512822
-5.982905982905983
-10.256410256410257
10.683760683760683
21.367521367521366
23.504273504273506
-28.205128205128204
-51.70940170940171
-9.82905982905983
15.384615384615385
38.034188034188034
64.95726495726495
30.34188034188034
-10.256410256410257
-44.01709401709402
-50.0
3.4188034188034186
63.24786324786325
115.8119658119658
36.75213675213675
-20.085470085470085
-87.17948717948718
-119.65811965811966
-42.30769230769231
3.8461538461538463
76.06837606837607
111.53846153846153
108.97435897435898
36.324786324786324
5.982905982905983
-34.61538461538461
-65.38461538461539
-90.5982905982906
-111.11111111111111
-125.21367521367522
-124.35897435897436
-64.95726495726495
-47.00854700854701
-14.52991452991453
-3.4188034188034186
27.77777777777778
32.47863247863248
47.00854700854701
70.51282051282051
97.00854700854701
121.7948717948718
138.46153846153845
150.0
169.65811965811966
163.24786324786325
130.76923076923077
87.6068376068376
85.04273504273505
88.46153846153847
71.7948717948718
44.01709401709402
22.64957264957265
-3.4188034188034186
-31.623931623931625
-62.39316239316239
-103.84615384615384
-127.77777777777777
-98.71794871794872
-84.61538461538461
-75.64102564102564
-21.794871794871796
38.034188034188034
78.63247863247864
141.8803418803419
181.1965811965812
171.7948717948718
130.34188034188034
93.58974358974359
59.82905982905983
6.837606837606837
-26.068376068376068
-53.84615384615385
-94.87179487179488
-109.4017094017094
-100.85470085470085
-63.675213675213676
-52.136752136752136
-16.666666666666668
9.401709401709402
55.55555555555556
79.91452991452991
135.89743589743588
164.10256410256412
169.65811965811966
128.63247863247864
75.64102564102564
38.034188034188034
-8.974358974358974
-35.042735042735046
-85.8974358974359
-121.36752136752136
-144.87179487179486
-179.9145299145299
-178.63247863247864
-160.68376068376068
-120.51282051282051
-108.97435897435898
-63.24786324786325
-12.393162393162394
25.641025641025642
71.7948717948718
117.09401709401709
157.26495726495727
179.48717948717947
157.69230769230768
123.93162393162393
76.4957264957265
44.44444444444444
10.256410256410257
-21.367521367521366
-46.15384615384615
-78.2051282051282
-111.11111111111111
-138.88888888888889
-150.42735042735043
-118.37606837606837
-81.62393162393163
-43.58974358974359
-11.538461538461538
-3.4188034188034186
29.05982905982906
50.0
41.452991452991455
27.35042735042735
3.8461538461538463
-18.803418803418804
-31.623931623931625
-27.77777777777778
-10.683760683760683
5.982905982905983
16.666666666666668
22.22222222222222
8.974358974358974
-8.547008547008547
-14.52991452991453
-21.367521367521366
-5.555555555555555
12.393162393162394
17.521367521367523
-1.2820512820512822
-13.247863247863247
-4.700854700854701
16.666666666666668
-9.401709401709402
-7.264957264957265
4.700854700854701
-8.11965811965812
21.367521367521366
9.82905982905983
-19.65811965811966
-9.401709401709402
11.538461538461538
-12.820512820512821
2.9914529914529915
11.11111111111111
-23.504273504273506
-5.128205128205129
6.410256410256411
-12.393162393162394
-31.196581196581196
-3.4188034188034186
5.982905982905983
-13.247863247863247
11.965811965811966
-36.324786324786324
-9.401709401709402
12.820512820512821
30.34188034188034
39.743589743589745
34.18803418803419
6.837606837606837
-21.367521367521366
-41.88034188034188
-34.18803418803419
-1.7094017094017093
24.786324786324787
43.58974358974359
55.98290598290598
61.53846153846154
36.324786324786324
18.803418803418804
-0.8547008547008547
-22.22222222222222
-41.452991452991455
-43.162393162393165
-17.94871794871795
0.8547008547008547
20.512820512820515
52.99145299145299
63.24786324786325
71.7948717948718
36.324786324786324
-10.256410256410257
-42.30769230769231
-63.24786324786325
-49.14529914529915
-9.82905982905983
41.88034188034188
88.03418803418803
123.5042735042735
137.60683760683762
69.23076923076923
8.547008547008547
-63.675213675213676
-118.80341880341881
-123.5042735042735
-144.87179487179486
-103.84615384615384
-38.034188034188034
33.333333333333336
119.65811965811966
173.5042735042735
137.17948717948718
70.51282051282051
5.555555555555555
-49.572649572649574
-92.73504273504274
-123.07692307692308
-152.991452991453
-177.35042735042734
-197.43589743589743
-200.0
-178.63247863247864
-164.52991452991452
-127.77777777777777
-91.02564102564102
-53.84615384615385
2.9914529914529915
40.17094017094017
80.34188034188034
137.17948717948718
172.64957264957266
190.17094017094018
175.2136752136752
165.3846153846154
144.01709401709402
117.94871794871794
93.16239316239316
67.09401709401709
28.632478632478634
-8.974358974358974
-46.58119658119658
-63.24786324786325
-86.75213675213675
-100.85470085470085
-119.23076923076923
-147.43589743589743
-144.01709401709402
-131.6239316239316
-70.51282051282051
-26.495726495726494
8.11965811965812
65.8119658119658
105.12820512820512
103.84615384615384
78.2051282051282
44.01709401709402
2.9914529914529915
-41.88034188034188
-70.94017094017094
-91.45299145299145
-68.80341880341881
-50.85470085470085
-13.247863247863247
29.487179487179485
55.55555555555556
75.21367521367522
67.94871794871794
27.77777777777778
4.273504273504273
-25.641025641025642
-53.84615384615385
-16.666666666666668
-1.7094017094017093
27.77777777777778
25.641025641025642
5.555555555555555
-8.974358974358974
-13.675213675213675
9.401709401709402
14.957264957264957
2.9914529914529915
-8.974358974358974
-8.11965811965812
6.410256410256411
-8.974358974358974
-6.410256410256411
3.8461538461538463
1.2820512820512822
0.42735042735042733
0.8547008547008547
0.8547008547008547
0.8547008547008547
0.8547008547008547
0.8547008547008547
1.2820512820512822
